T0=[2.5;3.0];
T1=[5.0;1.8];

L=[1.0 1.5 1.0 1.4 1.0 1.1];

x = diskrVeriznica([-1;1],T0,T1,L,L)
 