b1C = [0.0000 208.6800 399.5000 399.5000 399.5000 208.6800 0.0000 ; 122.2000 ?? 280.1200 474.7000 669.2800 ?? 827.2000 ];